species,x,y,broadbpi_20_200,cos_aspect,curvature,depth,finebpi_3_20,rift_dist,sin_aspect,slope,vrm_011
species,1,1,-74,-0.684332489967346,-0.528027355670929,-1062.80004882813,-68,90.1387786865234,-0.729170143604279,41.578067779541,0.0230291485786438
species,2,2,-60,-0.708973169326782,-0.163515627384186,-1048.06665039063,-65,70.7106781005859,-0.705235481262207,38.7576751708984,0.0232424736022949
species,3,3,-47,-0.61237096786499,-0.675585925579071,-1032.77783203125,-58,55.9016990661621,-0.790570557117462,40.6282730102539,0.0208056569099426
species,4,4,-35,-0.665679514408112,-1.83997070789337,-1019.85552978516,-57,35.355339050293,-0.746237754821777,43.8708190917969,0.0193771123886108
species,5,5,-16,-0.734507977962494,-0.234677731990814,-999.966674804688,-50,25,-0.678600013256073,49.1057319641113,0.0176748037338257
species,6,6,1,-0.714911341667175,-1.3564453125,-979.766662597656,-38,25,-0.699215114116669,53.5115623474121,0.0187262892723084
species,7,7,26,-0.749252617359161,-4.82489252090454,-954.244445800781,-24,35.355339050293,-0.662284314632416,60.4387092590332,0.0225324034690857
species,8,8,68,-0.803877830505371,0.817773461341858,-910.311096191406,7,55.9016990661621,-0.594794452190399,65.8353805541992,0.0294392704963684
species,9,9,97,-0.819356977939606,-2.82842779159546,-880.166625976563,29,70.7106781005859,-0.573283612728119,65.4615478515625,0.0384284853935242
species,10,10,146,-0.789580762386322,4.78400373458862,-829.799987792969,68,90.1387786865234,-0.613646686077118,62.3706092834473,0.0497373342514038
species,11,11,170,-0.788165628910065,2.41777348518372,-803.966674804688,86,106.066017150879,-0.615463197231293,59.7757759094238,0.0616148710250855
species,12,12,197,-0.721053063869476,2.33777332305908,-776.133361816406,103,125,-0.692879855632782,53.9999885559082,0.0745207667350769
species,13,13,239,-0.718977630138397,3.54666996002197,-731.244445800781,129,160.078109741211,-0.695033192634583,43.9849967956543,0.0961459279060364
species,14,14,251,-0.656016170978546,4.36266613006592,-717.566650390625,132,176.776702880859,-0.754746794700623,28.077184677124,0.0989937782287598
species,15,15,251,-0.669935405254364,0.193759769201279,-714.633361816406,116,212.132034301758,-0.742419362068176,2.72046661376953,0.0887039303779602
species,16,16,-167,-0.728186368942261,-0.472929686307907,-1197.30004882813,-43,550,0.685379147529602,9.86782073974609,0.0101301074028015
species,17,17,-44,-0.855261504650116,0.0586328133940697,-1031.80004882812,-39,90.1387786865234,0.518196642398834,27.2888622283936,0.0120547413825989
species,18,18,38,-0.802651107311249,0.0586816407740116,-940.333312988281,4,79.0569381713867,0.59644877910614,31.5617370605469,0.0148758292198181
species,19,19,65,-0.843960642814636,0.362646490335465,-909.200012207031,10,167.705093383789,0.536405146121979,7.83721208572388,0.00972706079483032
species,20,20,67,-0.845331251621246,-0.350214838981628,-907.066650390625,7,190.394332885742,0.534242510795593,8.55141448974609,0.00796186923980713
species,21,21,67,-0.873020350933075,-0.298671871423721,-905.04443359375,5,201.556442260742,0.487683743238449,9.70315933227539,0.00696104764938355
species,22,22,72,-0.890787959098816,-0.124433591961861,-900.577758789063,4,223.606796264648,0.45441922545433,11.8214960098267,0.00546097755432129
species,23,23,77,-0.91025710105896,-0.0746582001447678,-895.533325195313,4,246.221450805664,0.414043456315994,13.7523288726807,0.00397861003875732
species,24,24,77,-0.881608486175537,-0.864013671875,-893.466674804688,3,257.390747070313,0.47198149561882,15.060396194458,0.00346308946609497
species,25,25,84,-0.896472930908203,0.234677731990814,-885.877746582031,5,279.508483886719,0.443098455667496,17.1219272613525,0.00279444456100464
species,26,26,91,-0.891715526580811,0.0924609377980232,-879.122192382813,7,302.076141357422,0.45259627699852,16.3177051544189,0.00290971994400024
species,27,27,98,-0.883662164211273,-0.362685561180115,-869.900024414063,9,335.410186767578,0.468125224113464,16.64381980896,0.00406193733215332
species,28,28,107,-0.90690940618515,-0.33597657084465,-858.911071777344,12,369.120574951172,0.421325743198395,19.1663856506348,0.0054086446762085
species,29,29,115,-0.894346296787262,0.607998073101044,-850.599975585937,17,391.311889648438,0.447375357151032,15.3199195861816,0.00589060783386231
species,30,30,120,-0.833833456039429,0.327128916978836,-846.333312988281,17,413.823638916016,0.552016079425812,8.96201515197754,0.00602132081985474
species,31,31,122,-0.796629309654236,0.101308591663837,-843.944458007813,15,436.606231689453,0.604468166828156,6.00743389129639,0.0056687593460083
species,32,32,124,-0.777017295360565,0.135126948356628,-842.111083984375,14,458.938995361328,0.629479229450226,4.60686922073364,0.00475573539733887
species,33,33,125,-0.791209042072296,-0.00709960935637355,-840.833312988281,11,480.884613037109,0.611545741558075,3.85631012916565,0.0035286545753479
species,34,34,127,-0.847099363803864,-0.0177832022309303,-839.511108398438,10,503.115295410156,0.531434535980225,3.78594756126404,0.00211399793624878
species,35,35,128,-0.833783328533173,0.101347655057907,-840.299987792969,11,492.442901611328,0.552091777324677,4.21850299835205,0.00249385833740234
species,36,36,129,-0.865707397460938,-0.0320214852690697,-838.900024414063,9,515.38818359375,0.500550389289856,4.10735893249512,0.00117504596710205
species,37,37,131,-0.868435859680176,0.016015624627471,-837.299987792969,8,538.516479492188,0.495801478624344,4.07628870010376,0.000441670417785645
species,38,38,132,-0.863984048366547,0.00356445321813226,-835.799987792969,6,561.805114746094,0.503519237041473,3.93224549293518,0.000180423259735107
species,39,39,134,-0.86302125453949,0.0515624992549419,-834.299987792969,5,585.234985351563,0.505167663097382,3.81912064552307,0.000114560127258301
species,40,40,135,-0.87163382768631,-0.159999996423721,-833,4,608.789794921875,0.490157634019852,4.41367483139038,0.000101625919342041
species,41,41,137,-0.871895551681519,-0.00534179667010903,-831,4,632.455505371094,0.489691853523254,5.05051755905151,0.000100493431091309
species,42,42,139,-0.847499012947083,-0.00175781245343387,-829.099975585937,3,656.22021484375,0.530796945095062,5.01254177093506,0.000103890895843506
species,43,43,141,-0.836496591567993,-0.0799999982118607,-827.299987792969,3,680.073547363281,0.547972142696381,5.34604978561401,0.000110328197479248
species,44,44,93,-0.93770968914032,-0.0551074221730232,-710.799987792969,2,1750.71411132813,-0.347419887781143,0.183297425508499,0.000399649143218994
species,45,45,94,-0.151145234704018,0.0124609377235174,-710.622192382813,4,1725.72448730469,-0.988511562347412,0.54740697145462,0.000499904155731201
species,46,46,98,0.281685352325439,-0.117353513836861,-709.633361816406,8,1675.74609375,-0.959506809711456,2.11222290992737,0.000678658485412598
species,47,47,101,0.271695733070374,0.0160058587789536,-708.5,10,1650.75744628906,-0.962383210659027,2.50552344322205,0.00075376033782959
species,48,48,104,0.370756298303604,0.220458984375,-707.333312988281,13,1625.76904296875,-0.928730189800262,1.76798009872437,0.000823616981506348
species,49,49,105,0.923747360706329,0.158212885260582,-707,16,1600.78100585938,-0.38300234079361,0.565077364444733,0.000895798206329346
species,50,50,107,0.604731321334839,0.00178710941690952,-707.255554199219,17,1575.79345703125,0.796429574489594,0.531571209430695,0.000978469848632812
species,51,51,108,0.401819109916687,0.031982421875,-707.422241210938,19,1550.80627441406,0.915719032287598,0.48313906788826,0.00115513801574707
species,52,52,109,0.289808094501495,0.0515820309519768,-707.599975585938,21,1525.81945800781,0.957084774971008,0.582022130489349,0.00159138441085815
species,53,53,110,0.312529116868973,0.133310541510582,-707.833374023438,23,1500.83312988281,0.949908196926117,1.03872287273407,0.00298070907592773
species,54,54,111,0.225641161203384,0.135117188096046,-708.4111328125,25,1475.84716796875,0.974210500717163,1.7768542766571,0.00815582275390625
species,55,55,112,0.0850133672356606,0.0302050784230232,-709.36669921875,26,1450.86181640625,0.996379792690277,1.87140667438507,0.0175660848617554
species,56,56,113,-0.131778791546822,0.0248730462044477,-710.111145019531,28,1425.876953125,0.991279125213623,1.66607356071472,0.0223886370658875
species,57,57,113,-0.312365472316742,0.113798826932907,-710.833312988281,29,1400.892578125,0.949962019920349,2.47465944290161,0.021613597869873
species,58,58,114,-0.249216973781586,1.0559960603714,-711.966674804688,30,1375.90881347656,0.968447685241699,9.54117012023926,0.020078182220459
species,59,59,109,-0.172859221696854,1.60533201694489,-718.733337402344,26,1350.92565917969,0.984946548938751,24.3322734832764,0.0184642672538757
species,60,60,95,-0.116731502115726,1.32977533340454,-734.277770996094,13,1325.94311523438,0.993163526058197,37.5293159484863,0.0169136524200439
species,61,61,96,-0.071319580078125,1.36178708076477,-732.488891601563,14,1325.23583984375,0.997453510761261,37.0174255371094,0.017070472240448
species,62,62,96,-0.020343255251646,0.812431633472443,-732.36669921875,14,1325,0.99979305267334,35.2722473144531,0.0168613195419312
species,63,63,95,0.0363605469465256,0.536884784698486,-732.922241210938,14,1325,0.999338746070862,32.0017890930176,0.0161900520324707
species,64,64,94,0.104327939450741,0.0853125005960465,-734.600036621094,12,1325,0.994542956352234,27.8212127685547,0.0150499939918518
species,65,65,105,0.208246767520905,0.426679700613022,-721.811096191406,22,1350,0.978076338768005,24.2428607940674,0.0167521238327026
species,66,66,91,0.160292029380798,-0.437324225902557,-736.799987792969,10,1325,0.987069606781006,23.8073482513428,0.0135496258735657
species,67,67,102,0.262419193983078,0.4853515625,-724.63330078125,20,1350,0.96495395898819,24.5939044952393,0.0151851773262024
species,68,68,89,0.186799451708794,-0.302216798067093,-738.533325195313,8,1325,0.982398092746735,19.7014904022217,0.0118686556816101
species,69,69,97,0.335144698619843,-0.403544932603836,-729.055541992188,15,1350,0.942166686058044,23.0266876220703,0.0134158730506897
species,70,70,94,0.32700127363205,-0.392900377511978,-732.433349609375,11,1350,0.945023894309998,19.08078956604,0.0115772485733032
species,71,71,91,0.248564898967743,-0.403564453125,-734.633361816406,9,1350,0.968615233898163,14.6907548904419,0.00980746746063232
species,72,72,96,0.358237326145172,-0.645341813564301,-727.900024414063,13,1375,0.933630585670471,18.3036041259766,0.0108521580696106
species,73,73,94,0.269899755716324,-0.664912104606628,-730.333374023438,11,1375,0.962888419628143,15.3323307037354,0.00903868675231934
species,74,74,100,0.375208497047424,0.414248049259186,-722.366638183594,16,1400,0.926940441131592,15.4134664535522,0.00921338796615601
species,75,75,104,0.540306985378265,0.163554683327675,-717.54443359375,19,1425,0.841467976570129,9.85785388946533,0.0085216760635376
species,76,76,105,0.678580462932587,0.112011715769768,-715.033325195313,19,1450,0.734526038169861,5.33212232589722,0.00732386112213135
species,77,77,104,0.756480991840363,0.234658196568489,-713.688903808594,18,1475,0.654015719890595,2.67004156112671,0.00620526075363159
species,78,78,103,0.57136482000351,0.119111329317093,-714.700012207031,17,1471.39392089844,0.820696175098419,3.67181348800659,0.00570285320281982
species,79,79,103,0.582463681697846,0.0959960967302322,-713.722229003906,16,1496.03637695313,0.812856733798981,1.93378400802612,0.00442063808441162
species,80,80,102,0.580594182014465,0.0106738284230232,-713.333312988281,14,1520.69067382813,0.814193069934845,0.981210052967072,0.00272023677825928
species,81,81,100,0.452466815710068,0.0231054686009884,-713.011108398438,12,1545.35595703125,0.891781210899353,0.724504232406616,0.00114327669143677
species,82,82,99,0.225612372159958,-0.00176757806912065,-712.766662597656,10,1570.03186035156,0.974217176437378,0.620762348175049,0.000404417514801025
species,83,83,98,-0.0418684110045433,0.0124414060264826,-712.5,9,1594.71789550781,0.999123156070709,0.532038867473602,0.000226199626922607
species,84,84,97,-0.336570560932159,-0.0515429675579071,-712.311096191406,7,1619.41345214844,0.94165825843811,0.841654539108276,0.000145256519317627
species,85,85,97,-0.330447435379028,-0.0906738266348839,-712.200012207031,7,1615.74291992188,0.943824410438538,1.20382714271545,0.000121057033538818
species,86,86,96,-0.405539602041245,0.021337890997529,-711.5,6,1640.5029296875,0.914077460765839,1.51444470882416,7.28964805603027e-05
species,87,87,95,-0.474705010652542,0.0746484398841858,-710.900024414063,5,1665.27026367188,0.880144953727722,1.24030196666718,4.79221343994141e-05
species,88,88,94,-0.501618564128876,-0.00176757806912065,-710.566650390625,3,1690.04443359375,0.865088880062103,0.875662505626679,3.61800193786621e-05
species,89,89,91,-0.573071300983429,-0.0106542967259884,-710.099975585938,1,1739.61206054688,0.819505512714386,0.594282329082489,2.73585319519043e-05
species,90,90,64,0.339485675096512,-0.151113286614418,-687.233337402344,1,2701.85131835938,0.940611243247986,2.04311776161194,0.000155150890350342
species,91,91,64,0.393020421266556,-0.261337876319885,-686.222229003906,1,2726.83422851563,0.919529736042023,3.40570330619812,0.000174522399902344
species,92,92,85,0.135186642408371,0.156445309519768,-987.233337402344,3,419.076354980469,0.990820169448853,12.937502861023,0.0044255256652832
species,93,93,88,0.108617953956127,0.0906835943460464,-981.799987792969,2,443.001129150391,0.99408358335495,12.1519384384155,0.00565654039382935
species,94,94,94,0.0140366274863482,-0.0248828120529652,-971.533325195312,0,491.172058105469,0.999901473522186,10.7590026855469,0.00863176584243774
species,95,95,108,-0.624502182006836,-0.455136716365814,-946.600036621094,-6,612.882507324219,0.78102308511734,22.8290405273438,0.00956952571868896
species,96,96,108,-0.63004744052887,-0.634667992591858,-945.244445800781,-9,632.949462890625,0.776556611061096,21.7476348876953,0.00964492559432983
species,97,97,138,-0.688990831375122,0.161777347326279,-903.722229003906,3,756.637268066406,0.72477000951767,18.381103515625,0.00397574901580811
species,98,98,145,-0.636562883853912,-0.0337988287210465,-892.900024414062,4,806.225769042969,0.771224796772003,15.7150936126709,0.00373804569244385
species,99,99,148,-0.59769868850708,0.138681635260582,-887.344421386719,4,831.038513183594,0.801720857620239,14.7375154495239,0.00380051136016846
species,100,100,151,-0.58437305688858,0.0586523450911045,-882.36669921875,5,855.862121582031,0.811485111713409,13.1888637542725,0.00372076034545898
species,101,101,150,-0.54946905374527,-0.248876959085465,-881.266662597656,2,878.208374023438,0.835514068603516,12.8657789230347,0.0036388635635376
species,102,102,153,-0.504761874675751,0.152880862355232,-876.188903808594,2,903.119567871094,0.86325865983963,12.2578611373901,0.00325429439544678
species,103,103,156,-0.545317530632019,0.00356445321813226,-873.533325195313,4,905.538513183594,0.838229596614838,11.7014923095703,0.0030556321144104
species,104,104,158,-0.496638983488083,-0.168876945972443,-869.333312988281,4,930.389709472656,0.867957234382629,11.5014667510986,0.00283271074295044
species,105,105,161,-0.43705815076828,0.346660166978836,-864.5,5,955.248657226563,0.899433255195618,10.3233442306519,0.00279128551483154
species,106,106,162,-0.279155641794205,-0.238203123211861,-861.099975585938,4,980.114807128906,0.960245847702026,9.75641345977783,0.00270968675613403
species,107,107,164,-0.100469827651978,-0.111992187798023,-857.011108398438,5,1002.80853271484,0.994940102100372,11.8969202041626,0.00254231691360474
species,108,108,167,-0.040733315050602,-0.154658198356628,-851.799987792969,6,1027.740234375,0.999170064926147,12.0858116149902,0.00223183631896973
species,109,109,170,0.0247407499700785,-0.0124218752607703,-846.355529785156,8,1050.29760742188,0.999693930149078,11.5488595962524,0.00187391042709351
species,110,110,38,0.767004311084747,1.93601560592651,-1079.69995117188,19,35.355339050293,0.641641914844513,55.6842346191406,0.0253958702087402
species,111,111,63,0.728394627571106,1.01160156726837,-1053.69995117188,34,55.9016990661621,0.685157895088196,52.3280830383301,0.0286546945571899
species,112,112,83,0.748986005783081,1.95728516578674,-1032.33337402344,49,70.7106781005859,0.66258579492569,48.3402252197266,0.031449019908905
species,113,113,100,0.693888545036316,1.28537106513977,-1014.91107177734,56,90.1387786865234,0.720082402229309,42.4976005554199,0.0353508591651917
species,114,114,111,0.672614097595215,-0.595546901226044,-1002.36663818359,58,106.066017150879,0.739993393421173,38.7674560546875,0.0367933511734009
species,115,115,126,0.672394990921021,1.06311523914337,-986.533325195312,67,125,0.740192532539368,35.9800643920898,0.0394262671470642
species,116,116,136,0.672903716564179,0.398222655057907,-975.733337402344,68,141.421356201172,0.739730060100555,31.9435348510742,0.0358511209487915
species,117,117,145,0.671559274196625,0.977753877639771,-964.86669921875,72,158.113876342773,0.7409508228302,25.7323665618897,0.0358381867408752
species,118,118,151,0.616330683231354,1.13603520393372,-958.13330078125,69,176.776702880859,0.78748744726181,18.8199729919434,0.0295649170875549
species,119,119,155,0.535770297050476,0.0835253894329071,-953.144470214844,68,190.394332885742,0.844363808631897,14.9386606216431,0.0270040035247803
species,120,120,157,0.468002527952194,0.560019552707672,-949.833312988281,62,212.132034301758,0.883727133274078,12.463885307312,0.0206281542778015
species,121,121,161,0.425374984741211,-0.138681635260582,-943.111145019531,53,246.221450805664,0.905017197132111,13.9714164733887,0.014012336730957
species,122,122,174,0.602471470832825,-0.976005852222443,-926.900024414063,47,301.039855957031,0.798140466213226,26.3692626953125,0.010137140750885
species,123,123,100,-0.637603223323822,0.0251757819205523,-781.341491699219,9,3589.6552734375,0.770364940166473,2.21679282188416,0.000395655632019043
species,124,124,22,0.149737924337387,0.107011720538139,-736.329895019531,-4,28425.451171875,0.98872572183609,4.90063762664795,0.00347715616226196
species,125,125,-33,-0.482300460338593,-0.395537108182907,-780.994934082031,-30,27792.310546875,0.87600588798523,11.8879528045654,0.0103127360343933
species,126,126,59,-0.963228940963745,0.0352636724710465,-861.162475585938,2,6809.41455078125,0.268682092428207,2.80638837814331,4.61339950561523e-05
species,127,127,59,-0.975182592868805,0.0524414069950581,-860.044799804687,2,6787.21240234375,0.221402049064636,2.35829043388367,3.09348106384277e-05
species,128,128,58,-0.978749871253967,0.0220898445695639,-859.163696289063,1,6765.02978515625,0.20505765080452,1.97850298881531,3.23653221130371e-05
species,129,129,57,-0.970206022262573,-0.0122656254097819,-857.483947753906,0,6720.7236328125,0.242281332612038,2.18300414085388,4.67300415039063e-05
species,130,130,57,-0.976474702358246,-0.00133789062965661,-856.526733398438,0,6698.6005859375,0.215631946921349,2.24216842651367,5.14984130859375e-05
species,131,131,57,-0.991037905216217,0.0257421880960465,-855.431335449219,0,6688.23583984375,0.133580893278122,1.87429583072662,4.57167625427246e-05
species,132,132,54,-0.966283738613129,-0.00326171866618097,-852.168579101562,-1,6578.23095703125,-0.257479667663574,1.40849685668945,0.000144064426422119
species,133,133,53,-0.96745765209198,-0.003173828125,-851.538452148438,-2,6556.294921875,-0.253032922744751,1.58281207084656,0.000201046466827393
species,134,134,52,-0.979483962059021,-0.100595705211163,-849.028930664063,-3,6490.6181640625,-0.201522141695023,2.99356269836426,0.000429213047027588
species,135,135,52,-0.983205914497375,-0.0684375017881393,-847.488586425781,-3,6468.77099609375,-0.182499721646309,3.95477986335754,0.000403463840484619
species,136,136,53,-0.986051380634308,-0.030908202752471,-845.620910644531,-2,6446.94677734375,-0.166441038250923,4.47071647644043,0.000337004661560059
species,137,137,54,-0.990023493766785,-0.0159277338534594,-843.611083984375,-1,6425.14599609375,-0.140902325510979,4.74407720565796,0.000308394432067871
species,138,138,56,-0.988689422607422,-0.0262304693460465,-838.96435546875,0,6381.6142578125,-0.149977430701256,5.93679141998291,0.000358343124389648
species,139,139,57,-0.982897222042084,0.0590527355670929,-836.856872558594,1,6372.30322265625,-0.184154897928238,5.12190246582031,0.000397622585296631
species,140,140,57,-0.958187997341156,0.0918554663658142,-834.888916015625,2,6350.6396484375,-0.286139369010925,3.881591796875,0.000420451164245605
species,141,141,57,-0.889135956764221,0.0219238288700581,-831.924682617188,1,6285.79736328125,-0.457643091678619,1.70121276378632,0.000317275524139404
species,142,142,56,-0.891666889190674,0.000410156237194315,-831.317260742187,0,6264.23388671875,-0.452692091464996,1.59804725646973,0.000208616256713867
species,143,143,55,-0.968479096889496,-0.0472167953848839,-829.716064453125,0,6221.18359375,-0.249094873666763,2.6333429813385,0.000140905380249023
species,144,144,55,-0.989058196544647,-0.0316113270819187,-828.487670898438,0,6199.69775390625,-0.147525697946548,2.99638962745667,0.000145912170410156
species,145,145,55,-0.999683201313019,-0.00374023430049419,-827.164184570313,0,6178.23779296875,-0.0251703783869743,2.89225506782532,0.000143826007843018
species,146,146,55,-0.996838927268982,0.00474609388038516,-827.108642578125,0,6191.12255859375,0.0794494301080704,3.38793230056763,0.000152230262756348
species,147,147,55,-0.974919855594635,-0.0266796872019768,-825.704956054688,0,6169.734375,0.222556263208389,3.34607291221619,0.000138342380523682
species,148,148,56,-0.956026434898376,0.000615234370343387,-824.257995605469,0,6148.37353515625,0.293280512094498,3.33059144020081,0.000121891498565674
species,149,149,56,-0.95551061630249,-0.00235351570881903,-822.920959472656,0,6127.04052734375,0.294956743717194,3.08217668533325,0.000115036964416504
species,150,150,56,-0.96387654542923,0.0149999996647239,-821.683959960938,0,6105.73486328125,0.266349405050278,2.71873688697815,0.00011897087097168
species,151,151,56,-0.971509993076324,-0.0404882803559303,-820.640747070313,-1,6084.45751953125,0.236998707056046,2.59932947158814,0.000163376331329346
species,152,152,56,-0.975945174694061,-0.0219335928559303,-819.492614746094,-1,6063.20849609375,0.21801620721817,2.67470836639404,0.000256955623626709
species,153,153,56,-0.980988025665283,-0.0181738287210464,-818.362976074219,-1,6041.98828125,0.194068342447281,2.5933358669281,0.00034034252166748
species,154,154,55,-0.998606204986572,-0.0252734366804361,-818.511108398438,-1,6028.78515625,0.0527796074748039,2.68512201309204,0.000366389751434326
species,155,155,55,-0.989985883235931,-0.0482031255960465,-817.275329589844,-1,6020.79736328125,0.141166508197784,2.66892147064209,0.000365257263183594
species,156,156,55,-0.996914446353912,-0.169287115335464,-816.059265136719,-1,5999.63525390625,0.0784961208701134,3.78841781616211,0.000363051891326904
species,157,157,56,-0.999045968055725,-0.125830084085464,-813.95556640625,0,5978.5029296875,0.0436712168157101,5.5701379776001,0.000362038612365723
species,158,158,58,-0.999930620193481,-0.0416796877980232,-811.161743164062,0,5957.40087890625,0.0117813320830464,6.5725212097168,0.000365257263183594
species,159,159,60,-0.999531209468842,0.0873144567012787,-808.174072265625,2,5936.32861328125,-0.0306156389415264,6.18057441711426,0.000376641750335693
species,160,160,61,-0.99782258272171,0.0819824188947678,-805.744445800781,3,5915.28759765625,-0.0659550204873085,4.92706346511841,0.000394344329833984
species,161,161,62,-0.999100744724274,0.0550878904759884,-803.872863769531,4,5894.27685546875,-0.0423996560275555,3.88167500495911,0.000424087047576904
species,162,162,62,-0.998202502727509,0.0379492193460465,-802.356750488281,4,5873.2978515625,0.0599310211837292,3.16613507270813,0.000476300716400147
species,163,163,62,-0.980805158615112,0.00354492198675871,-801.130859375,4,5852.35009765625,0.194990232586861,2.74600148200989,0.000497877597808838
species,164,164,62,-0.953075110912323,-0.00847656279802322,-800.013549804688,4,5831.43408203125,0.302733927965164,2.61513614654541,0.000426650047302246
species,165,165,62,-0.948895335197449,0.0341796875,-797.865417480469,4,5789.69970703125,0.315590977668762,2.37213230133057,0.000246226787567139
species,166,166,62,-0.980136692523956,0.0468066409230232,-796.939514160156,4,5768.8818359375,0.198322981595993,1.95537459850311,0.000213742256164551
species,167,167,61,-0.999805808067322,0.0347656235098839,-796.195068359375,3,5748.09765625,-0.019706729799509,1.56210398674011,0.000190913677215576
species,168,168,61,-0.993535161018372,0.0154101559892297,-796.260498046875,3,5762.052734375,-0.113525055348873,1.23044264316559,0.000188648700714111
species,169,169,61,-0.954837262630463,-0.0100585939362645,-795.767883300781,2,5741.35205078125,-0.297129243612289,1.28177666664124,0.000171959400177002
species,170,170,60,-0.922273218631744,-0.0282324217259884,-795.213562011719,2,5720.68603515625,-0.386538565158844,1.54966354370117,0.000174164772033691
species,171,171,59,-0.902925670146942,-0.0343750007450581,-794.532104492188,1,5700.0546875,-0.429796695709229,1.92486786842346,0.000178813934326172
species,172,172,59,-0.898241221904755,-0.016992187127471,-793.683959960938,1,5679.45849609375,-0.43950280547142,2.26405596733093,0.000180065631866455
species,173,173,59,-0.908473551273346,0.0167871098965406,-791.793823242188,1,5638.373046875,-0.417942315340042,2.33235669136047,0.000153064727783203
species,174,174,-50,0.915358364582062,0.316425770521164,-1077.35559082031,-1,125,0.402640074491501,22.4323787689209,0.0139796733856201
species,175,175,-49,0.93626594543457,-0.271992176771164,-1074,-8,111.803398132324,0.351291954517365,24.4386978149414,0.0139856934547424
species,176,176,-35,0.891376078128815,0.0906835943460464,-1057.53332519531,-13,79.0569381713867,0.453264474868774,27.3329391479492,0.0173017382621765
species,177,177,-20,0.854062557220459,-0.431992173194885,-1039.55554199219,-17,50,0.520170271396637,30.1293640136719,0.0206928849220276
species,178,178,-13,0.872013509273529,0.433769524097443,-1030.96667480469,-18,35.355339050293,0.489481747150421,32.1936302185059,0.0243075489997864
species,179,179,-1,0.820548176765442,0.445302724838257,-1017.90002441406,-17,25,0.571577310562134,31.4139442443848,0.0219897031784058
species,180,180,4,0.812988221645355,-0.71731448173523,-1009.88330078125,-18,25,0.582280158996582,34.6392936706543,0.0247802138328552
species,181,181,17,0.773579776287079,-0.553779304027557,-995.549987792969,-16,35.355339050293,0.633698880672455,37.2555122375488,0.0223280191421509
species,182,182,29,0.713618874549866,-0.791103541851044,-981.766662597656,-11,50,0.700534105300903,42.788646697998,0.0247973203659058
species,183,183,46,0.614384412765503,-0.920009791851044,-962.700012207031,-1,55.9016990661621,0.78900682926178,47.7384872436524,0.024755597114563
species,184,184,64,0.606808006763458,0.626660168170929,-944.716674804688,5,79.0569381713867,0.794848442077637,44.6103973388672,0.0228546261787415
species,185,185,81,0.540142714977264,1.14222657680511,-925.355529785156,16,90.1387786865234,0.841573417186737,40.125301361084,0.0242000222206116
species,186,186,88,0.540954887866974,-0.860429704189301,-917.099975585938,13,111.803398132324,0.841051638126373,35.5351409912109,0.0251587629318237
species,187,187,102,0.474752247333527,-0.443554699420929,-901.316650390625,21,125,0.880119502544403,37.0681800842285,0.0318660140037537
species,188,188,111,0.532854616641998,-0.910234391689301,-892.166687011719,19,145.773803710938,0.846206784248352,40.1795959472656,0.0373539924621582
species,189,189,127,0.439881175756454,-6.29333019256592,-874,30,160.078109741211,0.898055970668793,55.4940490722656,0.0484923124313355
species,190,190,172,0.411227732896805,0.181308597326279,-826.383361816406,70,176.776702880859,0.911532640457153,62.8904037475586,0.0613135099411011
species,191,191,228,0.465380251407623,3.18489265441895,-767.788879394531,112,212.132034301758,0.885110855102539,48.4915771484375,0.0774542689323425
species,192,192,242,0.487374216318131,1.52001953125,-752.13330078125,120,230.488616943359,0.873193204402924,28.3296699523926,0.0833848714828491
species,193,193,248,0.415645152330399,0.424873054027557,-742.9111328125,113,265.753631591797,0.909526884555817,8.28169822692871,0.078723669052124
species,194,194,245,-0.585371911525726,0.0639843717217445,-743.666687011719,77,347.311096191406,0.810764908790588,1.01677083969116,0.0567613840103149
species,195,195,240,-0.834681808948517,0.0604296885430813,-744.666687011719,55,403.112884521484,-0.550732493400574,2.03937005996704,0.0223145484924316
species,196,196,221,-0.94186145067215,-0.00357421883381903,-759.611145019531,9,506.21142578125,-0.336001545190811,11.9496078491211,0.00455760955810547
species,197,197,205,-0.690187394618988,-0.0426757819950581,-771.733337402344,-21,561.805114746094,0.723630666732788,3.04106044769287,0.0267248749732971
species,198,198,204,-0.5657097697258,-0.140429690480232,-773.566650390625,-23,555.090087890625,0.824604451656342,2.45742392539978,0.0318430662155151
species,199,199,203,-0.247512578964233,-0.065791018307209,-773.900024414063,-27,570.087707519531,0.968884706497192,2.55759119987488,0.0368584990501404
species,200,200,202,0.286827147006989,-0.111992187798023,-774,-31,585.768737792969,0.957982361316681,3.8452479839325,0.0369330644607544
species,201,201,201,0.716914474964142,-0.986650407314301,-773.366638183594,-35,602.079711914063,0.697161138057709,10.2048397064209,0.0331101417541504
species,202,202,205,0.851845562458038,-2.16178703308105,-768.466674804688,-33,618.970947265625,0.523793041706085,24.5718669891357,0.0279343128204346
species,203,203,219,0.896269977092743,-1.05600583553314,-753.700012207031,-21,636.396118164063,0.443508893251419,36.8866119384766,0.0231011509895325
species,204,204,227,0.896296322345734,0.0764550790190697,-743.599975585938,-14,654.312622070313,0.443455636501312,37.3644332885742,0.0212567448616028
species,205,205,238,0.89720743894577,1.58933591842651,-733.466674804688,-4,654.312622070313,0.44160932302475,35.1018371582031,0.0192761421203613
species,206,206,250,0.830914855003357,1.71375000476837,-721.333374023438,5,671.75146484375,0.556399643421173,21.0325355529785,0.0168064832687378
species,207,207,271,0.797666251659393,0.319980472326279,-693.900024414063,16,795.691528320313,0.603099167346954,11.9622478485107,0.00446575880050659
species,208,208,278,0.823577702045441,0.0479980483651161,-684.233337402344,18,855.131591796875,0.567203462123871,7.72530031204224,0.00651323795318604
species,209,209,283,0.782852113246918,0.426650404930115,-682.200012207031,19,866.746765136719,0.622207820415497,8.07015705108643,0.00744479894638062
species,210,210,253,0.96887469291687,-0.264902353286743,-732.900024414063,-3,686.476501464844,0.2475516051054,4.46560001373291,0.00890958309173584
species,211,211,255,0.97585129737854,-0.111982420086861,-733.0888671875,0,672.681213378906,0.218435987830162,3.33310055732727,0.00913631916046143
species,212,212,255,0.989822208881378,-0.085322268307209,-734.099975585938,2,651.920227050781,0.142309367656708,1.96732783317566,0.0119773149490356
species,213,213,257,0.987323522567749,0.0266796872019768,-734.099975585938,6,637.37744140625,0.158720582723618,1.90469348430634,0.0129079222679138
species,214,214,257,0.985658526420593,0.04443359375,-734.900024414063,9,617.454467773438,0.168752193450928,2.01758861541748,0.0154339075088501
species,215,215,259,0.968183755874634,0.00176757806912065,-735.133361816406,13,602.079711914063,0.25024026632309,2.13603568077087,0.0164330005645752
species,216,216,259,0.965802490711212,0.0995800793170929,-736.04443359375,17,583.09521484375,0.259278953075409,2.94384527206421,0.0169041752815247
species,217,217,261,0.891853451728821,0.220449224114418,-736.433349609375,22,566.789184570313,0.452324450016022,4.22171306610107,0.0174716114997864
species,218,218,260,0.882686674594879,0.51199221611023,-738.400024414063,25,548.292785644531,0.46996197104454,7.57532167434692,0.0170538425445557
species,219,219,256,0.918698906898499,1.50752925872803,-744.833374023438,29,512.957092285156,0.39495861530304,21.1544532775879,0.0181648731231689
species,220,220,255,0.928144156932831,2.26490235328674,-748.055541992188,32,496.23583984375,0.372220873832703,26.8788967132568,0.0186970233917236
species,221,221,252,0.926189064979553,3.31556630134583,-752.299987792969,34,480.234313964844,0.377059370279312,32.5370254516602,0.0189987421035767
species,222,222,246,0.920905828475952,2.29154300689697,-760.666687011719,33,460.977233886719,0.389785170555115,36.2741775512695,0.0194006562232971
species,223,223,257,0.873967289924622,1.37599611282349,-748.5,38,477.624328613281,0.485984742641449,21.0516662597656,0.0187237858772278
species,224,224,256,0.880296528339386,3.88623046875,-751.333312988281,42,459.619415283203,0.474423855543137,28.8942108154297,0.0188779234886169
species,225,225,259,0.740251183509827,0.101347655057907,-747.63330078125,39,477.624328613281,0.672330379486084,13.1664056777954,0.017865002155304
species,226,226,243,-0.644327640533447,2.57600593566895,-711.255554199219,111,212.132034301758,-0.764749526977539,25.7172756195068,0.08814537525177
species,227,227,244,-0.626966953277588,1.85246098041534,-710.311096191406,112,212.132034301758,-0.779045879840851,21.021858215332,0.0907782316207886
species,228,228,245,-0.674819648265839,0.403554677963257,-707.533325195313,106,230.488616943359,-0.73798269033432,7.6152081489563,0.0895528197288513
species,229,229,244,-0.502329230308533,0.023095702752471,-705.222229003906,92,265.753631591797,-0.864676475524902,2.70368409156799,0.072076678276062
species,230,230,241,-0.0315937735140324,0.0444531254470348,-702.099975585938,66,347.311096191406,-0.999500811100006,1.30865728855133,0.0178748965263367
species,231,231,242,-0.75053209066391,2.28267574310303,-691.866638183594,80,364.005493164063,-0.660833954811096,22.1121215820313,0.0678348541259766
